47 5 34
12 9 9 7 10
10 4 9 7 4
-1.0000 4726.6528 1204.3492 6362.5020 3656.9912 3129.5210 2413.5222 562.3042 462.0822 5653.5034 1712.3566 1603.5663 2367.1978 2200.3655 1289.4452 1003.8849 3832.6870 2257.5989 3418.9038 2266.9849 2956.0205 719.9570 1699.3134 5278.1567 2577.8848 6075.4663 3464.6785 2653.6829 3624.6460 3114.9211 1573.1576 3950.0664 1747.3591 2141.2383 6754.2349 2382.1150 3305.8960 1028.9048 3529.2883 824.3137 2187.0002 4819.3960 3488.9873 1946.9004 6834.3179 1541.7292 2378.5344 3743.0791
4726.6528 -1.0000 3587.4231 2011.6622 1841.4009 6976.7705 6500.0029 5186.8667 5027.7080 2326.8352 4147.8237 4722.7432 3634.9175 3124.1423 4906.1108 3929.6511 7462.7852 6337.1001 7242.3315 5104.5557 4042.9421 4021.3708 3676.2400 2862.5864 3105.9331 1849.1566 7172.8770 6629.0049 1203.1841 6813.0884 6000.5854 3446.9072 5252.2202 2655.5544 3122.5847 6273.4028 7182.7617 5621.9248 3084.1145 4563.0107 2755.0688 1590.9022 7026.7012 6185.6782 3471.2080 5460.7476 4389.0557 2087.2766
1204.3492 3587.4231 -1.0000 5162.0273 2457.8657 3677.3958 3070.3604 1741.9991 1443.5875 4461.9893 1183.6250 1519.9612 1497.1560 1102.7443 1500.8564 950.2389 4297.4595 2902.4438 3966.3843 2168.7944 2208.8989 651.6418 827.1185 4135.7993 1517.2782 4872.9609 3953.0557 3253.0554 2445.9832 3580.2805 2440.5642 2959.6260 1965.1506 949.2945 5563.6602 2915.0557 3877.7654 2034.5624 2481.9631 1026.9381 1394.8767 3616.9077 3890.7744 2685.2683 5660.2036 2022.9904 1866.1675 2559.9556
6362.5020 2011.6622 5162.0273 -1.0000 2798.6729 8063.7173 7726.7852 6877.2686 6580.3452 1401.7079 5365.6045 5945.9878 4678.9863 4377.0029 6224.7793 5708.5918 8416.9912 7577.2500 8295.3896 6134.9326 4801.4067 5706.3438 4981.8755 2321.8201 4177.3433 319.8453 8185.6094 7799.9487 2777.3010 7858.0293 7407.9912 3762.9287 6460.5610 4222.1196 1426.0116 7450.7217 8262.9795 7130.3921 3668.3828 6010.9346 4637.2896 1680.8358 7986.7393 7501.6045 1876.1946 6757.8057 5359.9014 2843.7800
3656.9912 1841.4009 2457.8657 2798.6729 -1.0000 5329.4722 4945.9341 4199.8647 3823.6025 2011.2000 2572.6328 3156.1194 1923.0902 1579.1710 3426.3313 3178.2463 5748.3423 4792.8398 5576.9829 3408.2273 2222.2571 3065.8633 2184.2922 1859.2542 1400.1104 2490.1191 5485.2852 5034.3071 893.0672 5140.4224 4610.5332 1668.9788 3676.9792 1589.8402 3112.0195 4681.2158 5532.7026 4351.5630 1251.3309 3226.5774 2425.5771 1168.4095 5312.0830 4705.5659 3240.7109 3961.7454 2650.9631 303.7845
3129.5210 6976.7705 3677.3958 8063.7173 5329.4722 -1.0000 742.8250 3208.3872 2669.1626 6928.2969 2830.1067 2265.6978 3406.5027 3853.1733 2177.3254 4075.4780 726.0062 880.1932 292.5765 1929.2157 3309.3120 3671.5327 3314.1299 6198.3726 3931.8059 7744.8560 364.8698 481.6825 5773.9556 260.4611 1658.1973 4512.7793 1745.9521 4430.3047 7909.4111 768.5317 206.1189 2224.5117 4434.0742 2680.2795 5052.2520 6383.1953 549.6044 1223.0135 7804.1738 1669.6785 2703.8730 5229.9600
2413.5222 6500.0029 3070.3604 7726.7852 4945.9341 742.8250 -1.0000 2467.2998 1951.4574 6672.5864 2379.7322 1794.3536 3050.4841 3404.8909 1603.1735 3381.3259 1468.4917 167.9196 1019.4753 1680.1649 3109.4226 2992.9951 2826.4875 6008.8477 3551.0552 7411.2417 1103.1469 266.9251 5299.6621 820.3298 915.4283 4347.4712 1269.0382 3889.9292 7697.5645 331.0498 899.0895 1483.0863 4184.0996 2048.1125 4414.2407 6050.7236 1218.7444 481.2744 7634.1709 1053.3209 2431.5237 4883.6025
562.3042 5186.8667 1741.9991 6877.2686 4199.8647 3208.3872 2467.2998 -1.0000 717.8983 6202.3682 2240.4136 2050.4148 2919.8145 2761.6477 1686.6976 1303.7504 3931.2559 2330.3418 3486.4185 2668.5339 3486.2192 1174.6744 2259.1484 5839.0156 3140.1719 6595.2061 3562.8220 2727.0029 4119.9380 3239.1685 1558.3610 4506.6362 2081.5730 2657.9219 7303.7847 2511.0576 3363.9170 984.2281 4090.5601 1318.9863 2543.7737 5357.4619 3631.0310 1986.0455 7390.3647 1784.7659 2878.6282 4295.2114
462.0822 5027.7080 1443.5875 6580.3452 3823.6025 2669.1626 1951.4574 717.8983 -1.0000 5788.3237 1601.4808 1342.5442 2329.6748 2290.9160 969.7448 1450.6333 3375.1697 1795.8622 2958.0061 1950.6357 2834.5161 1111.6807 1724.7638 5345.4653 2627.5940 6284.7729 3006.6602 2192.4109 3888.5063 2660.0295 1121.4567 3919.2869 1371.7609 2390.8301 6882.9634 1926.0675 2844.3972 610.6693 3542.1084 675.0030 2589.3230 4992.0117 3038.1113 1485.4753 6933.2695 1111.7306 2195.3354 3875.4192
5653.5034 2326.8352 4461.9893 1401.7079 2011.2000 6928.2969 6672.5864 6202.3682 5788.3237 -1.0000 4391.4673 4946.1201 3647.9392 3500.0281 5273.2515 5182.1255 7215.6235 6534.3081 7139.6553 5021.0645 3620.2266 5076.5972 4089.1636 921.4342 3206.6421 1130.8484 7013.2124 6713.0220 2436.4060 6706.2993 6476.8042 2475.3232 5431.5718 3598.0852 1101.7305 6375.2173 7120.7173 6283.0269 2496.9548 5159.7168 4317.9175 936.3845 6794.6099 6506.7432 1267.8853 5772.7080 4248.6479 1913.9932
1712.3566 4147.8237 1183.6250 5365.6045 2572.6328 2830.1067 2379.7322 2240.4136 1601.4808 4391.4673 -1.0000 585.4315 765.0281 1028.9689 882.3661 2039.6790 3352.3921 2223.5764 3099.5781 1048.1646 1245.9510 1624.4092 502.1324 3840.3689 1195.2310 5053.0039 3041.8643 2487.5598 2944.6870 2675.7161 2086.1338 2330.3069 1113.2174 1649.8679 5458.9492 2131.7432 3036.2078 1957.7589 1996.4932 930.9404 2512.8560 3700.2800 2922.5320 2136.9067 5458.4487 1393.8042 710.7693 2533.5588
1603.5663 4722.7432 1519.9612 5945.9878 3156.1194 2265.6978 1794.3536 2050.4148 1342.5442 4946.1201 585.4315 -1.0000 1298.3413 1611.9469 405.2950 2207.1565 2823.4031 1638.2362 2541.7610 693.7327 1585.5763 1766.5540 1049.5623 4356.4702 1769.9506 5632.4316 2497.8535 1906.9263 3519.8059 2127.0774 1557.6649 2777.7976 530.0651 2170.8953 6002.0664 1551.1018 2471.6013 1537.5468 2505.3865 790.0430 2911.5813 4276.6509 2402.3650 1563.4436 5982.2446 826.7551 891.4264 3108.6841
2367.1978 3634.9175 1497.1560 4678.9863 1923.0902 3406.5027 3050.4841 2919.8145 2329.6748 3647.9392 765.0281 1298.3413 -1.0000 645.8770 1641.0247 2445.9817 3839.1567 2904.2368 3654.4600 1487.4155 729.9000 2095.7388 696.5005 3075.9639 532.0761 4362.4746 3566.2061 3121.7742 2452.8687 3218.3132 2841.8391 1591.4402 1790.9219 1479.2498 4705.3428 2771.7844 3609.6228 2720.2014 1231.7910 1655.2178 2549.3130 3000.8540 3402.3669 2859.3765 4696.0005 2125.0793 755.3125 1835.2964
2200.3655 3124.1423 1102.7443 4377.0029 1579.1710 3853.1733 3404.8909 2761.6477 2290.9160 3500.0281 1028.9689 1611.9469 645.8770 -1.0000 1852.0608 2025.0879 4348.5864 3246.6174 4118.2212 1996.9026 1340.2228 1752.9249 605.1264 3077.9080 418.8007 4069.2517 4051.1609 3516.5264 1922.2555 3689.6396 3031.3767 1865.9016 2141.4106 837.0096 4592.5679 3160.7012 4059.0762 2787.8452 1379.4274 1662.0111 1931.3607 2735.9773 3914.1692 3137.2322 4646.4272 2394.9507 1350.5769 1591.7192
1289.4452 4906.1108 1500.8564 6224.7793 3426.3313 2177.3254 1603.1735 1686.6976 969.7448 5273.2515 882.3661 405.2950 1641.0247 1852.0608 -1.0000 2028.2495 2802.2664 1437.3148 2465.7302 985.2375 1986.2256 1592.1196 1252.5593 4715.6836 2071.6953 5914.7197 2453.9275 1763.6439 3709.7478 2081.6709 1203.7974 3163.7458 496.3275 2286.7764 6341.2192 1418.8083 2378.6487 1133.4663 2866.7202 553.2450 2884.7690 4568.8901 2404.4011 1288.1692 6337.0039 554.7072 1296.4833 3405.5920
1003.8849 3929.6511 950.2389 5708.5918 3178.2463 4075.4780 3381.3259 1303.7504 1450.6333 5182.1255 2039.6790 2207.1565 2445.9817 2025.0879 2028.2495 -1.0000 4758.9116 3219.9792 4367.5552 2899.3987 3150.7739 441.0408 1764.5490 4959.4634 2443.8513 5442.4434 4395.3618 3609.1135 2931.2913 4033.9304 2571.6274 3890.9563 2524.2378 1589.6044 6277.6001 3312.7000 4260.5752 2032.6953 3397.9006 1475.1448 1240.4535 4286.5464 4389.6274 2927.5422 6418.8359 2427.1333 2748.2732 3336.4031
3832.6870 7462.7852 4297.4595 8416.9912 5748.3423 726.0062 1468.4917 3931.2559 3375.1697 7215.6235 3352.3921 2823.4031 3839.1567 4348.5864 2802.2664 4758.9116 -1.0000 1600.9487 476.6151 2358.3152 3616.4360 4344.8335 3850.9412 6432.5039 4371.2080 8097.1465 369.2709 1205.0349 6266.3818 725.7858 2383.9138 4753.1670 2334.1692 4990.6118 8147.8076 1451.1354 608.0477 2948.1453 4751.6475 3330.4656 5686.6343 6745.4614 436.7906 1947.6727 8004.0781 2333.8589 3097.5720 5617.8560
2257.5989 6337.1001 2902.4438 7577.2500 4792.8398 880.1932 167.9196 2330.3418 1795.8622 6534.3081 2223.5764 1638.2362 2904.2368 3246.6174 1437.3148 3219.9792 1600.9487 -1.0000 1164.7271 1562.2692 2987.1863 2828.9082 2665.2642 5881.0884 3400.2720 7262.2603 1232.5137 398.9010 5137.3906 922.5812 793.3536 4226.6196 1116.7744 3723.8394 7564.8262 285.5118 1048.8208 1347.8190 4050.1365 1880.2941 4247.1201 5902.7583 1321.5918 354.1328 7507.8428 886.2471 2301.0764 4735.0420
3418.9038 7242.3315 3966.3843 8295.3896 5576.9829 292.5765 1019.4753 3486.4185 2958.0061 7139.6553 3099.5781 2541.7610 3654.4600 4118.2212 2465.7302 4367.5552 476.6151 1164.7271 -1.0000 2169.4395 3519.8462 3964.0801 3587.8643 6392.2764 4182.7534 7976.0479 201.3579 766.1886 6040.2905 437.5946 1931.0756 4705.7295 2026.8538 4710.0957 8106.4004 1060.8450 131.4686 2502.2073 4651.1011 2971.9126 5343.2104 6616.1602 485.0567 1500.6615 7988.7104 1961.7657 2938.2705 5468.8794
2266.9849 5104.5557 2168.7944 6134.9326 3408.2273 1929.2157 1680.1649 2668.5339 1950.6357 5021.0645 1048.1646 693.7327 1487.4155 1996.9026 985.2375 2899.3987 2358.3152 1562.2692 2169.4395 -1.0000 1429.9486 2459.2280 1546.9460 4332.7578 2018.1105 5816.2402 2078.8433 1693.8953 3909.3164 1732.4344 1812.0775 2667.3135 653.6207 2693.1455 6028.9429 1365.5138 2129.8357 1990.1138 2524.4563 1473.4711 3541.2520 4454.2476 1922.1456 1640.9037 5956.1167 1070.1743 776.5526 3301.2559
2956.0205 4042.9421 2208.8989 4801.4067 2222.2571 3309.3120 3109.4226 3486.2192 2834.5161 3620.2266 1245.9510 1585.5763 729.9000 1340.2228 1986.2256 3150.7739 3616.4360 2987.1863 3519.8462 1429.9486 -1.0000 2778.6697 1386.2269 2904.4966 1061.6897 4481.5879 3397.0110 3118.6389 2921.1992 3086.0864 3114.2363 1239.6532 1952.8607 2174.5957 4606.6265 2795.2327 3500.7024 3118.9592 1135.6060 2172.4871 3267.7891 3135.2017 3188.1199 3028.7913 4526.3647 2354.2200 710.7214 2041.5507
719.9570 4021.3708 651.6418 5706.3438 3065.8633 3671.5327 2992.9951 1174.6744 1111.6807 5076.5972 1624.4092 1766.5540 2095.7388 1752.9249 1592.1196 441.0408 4344.8335 2828.9082 3964.0801 2459.2280 2778.6697 -1.0000 1400.9954 4780.1279 2165.0359 5426.9966 3983.8169 3211.8906 2945.3508 3619.0906 2223.6494 3602.0496 2088.4429 1495.5912 6177.8086 2905.0249 3860.5889 1718.3239 3131.0781 1039.0020 1478.6332 4210.0957 3968.1938 2552.4705 6289.0889 2011.0010 2335.1575 3188.4648
1699.3134 3676.2400 827.1185 4981.8755 2184.2922 3314.1299 2826.4875 2259.1484 1724.7638 4089.1636 502.1324 1049.5623 696.5005 605.1264 1252.5593 1764.5490 3850.9412 2665.2642 3587.8643 1546.9460 1386.2269 1400.9954 -1.0000 3620.7024 902.9197 4674.3506 3536.1709 2953.1958 2474.2595 3168.0254 2426.2888 2253.7180 1577.2159 1147.8401 5176.1118 2597.8472 3520.1616 2193.8762 1832.9850 1073.0298 2053.1829 3339.7393 3422.3750 2540.3442 5212.4614 1800.9401 1076.0911 2189.1953
5278.1567 2862.5864 4135.7993 2321.8201 1859.2542 6198.3726 6008.8477 5839.0156 5345.4653 921.4342 3840.3689 4356.4702 3075.9639 3077.9080 4715.6836 4959.4634 6432.5039 5881.0884 6392.2764 4332.7578 2904.4966 4780.1279 3620.7024 -1.0000 2717.9854 2041.7084 6253.8135 6023.1260 2568.8022 5965.4648 5912.0054 1686.5824 4806.8018 3383.1858 1715.7357 5698.1685 6383.9199 5786.6489 1851.1080 4686.7173 4284.7944 1271.8840 6021.3545 5891.7124 1628.4403 5177.2705 3580.2661 1638.2274
2577.8848 3105.9331 1517.2782 4177.3433 1400.1104 3931.8059 3551.0552 3140.1719 2627.5940 3206.6421 1195.2310 1769.9506 532.0761 418.8007 2071.6953 2443.8513 4371.2080 3400.2720 4182.7534 2018.1105 1061.6897 2165.0359 902.9197 2717.9854 -1.0000 3863.0662 4096.8906 3634.6990 1931.1282 3747.2498 3273.2378 1447.1119 2283.4978 1163.6052 4285.3110 3282.1228 4135.6445 3085.9858 966.6323 1972.8824 2284.9087 2506.7688 3934.4197 3330.7195 4311.5571 2588.4824 1283.3472 1339.0504
6075.4663 1849.1566 4872.9609 319.8453 2490.1191 7744.8560 7411.2417 6595.2061 6284.7729 1130.8484 5053.0039 5632.4316 4362.4746 4069.2517 5914.7197 5442.4434 8097.1465 7262.2603 7976.0479 5816.2402 4481.5879 5426.9966 4674.3506 2041.7084 3863.0662 -1.0000 7865.9624 7482.8188 2514.4590 7538.7217 7100.6284 3448.2317 6145.7212 3937.6836 1374.4832 7133.9932 7943.9590 6830.1343 3348.7026 5708.7524 4396.1411 1362.7362 7666.9077 7189.5649 1797.5331 6445.8975 5040.9922 2527.6868
3464.6785 7172.8770 3953.0557 8185.6094 5485.2852 364.8698 1103.1469 3562.8220 3006.6602 7013.2124 3041.8643 2497.8535 3566.2061 4051.1609 2453.9275 4395.3618 369.2709 1232.5137 201.3579 2078.8433 3397.0110 3983.8169 3536.1709 6253.8135 4096.8906 7865.9624 -1.0000 838.1169 5972.8428 373.0657 2018.0248 4568.1831 1995.9852 4668.6670 7969.1050 1084.3657 305.0000 2580.1538 4531.3506 2975.3171 5338.3462 6508.5190 286.4001 1580.6694 7843.4351 1973.2664 2837.8901 5368.0679
2653.6829 6629.0049 3253.0554 7799.9487 5034.3071 481.6825 266.9251 2727.0029 2192.4109 6713.0220 2487.5598 1906.9263 3121.7742 3516.5264 1763.6439 3609.1135 1205.0349 398.9010 766.1886 1693.8953 3118.6389 3211.8906 2953.1958 6023.1260 3634.6990 7482.8188 838.1169 -1.0000 5426.3359 557.9839 1180.0068 4348.8608 1376.9855 4043.2139 7722.4058 355.8834 652.5619 1743.3789 4217.3867 2240.6731 4613.7202 6120.3242 954.3820 742.6897 7643.2314 1230.8127 2464.4402 4956.7979
3624.6460 1203.1841 2445.9832 2777.3010 893.0672 5773.9556 5299.6621 4119.9380 3888.5063 2436.4060 2944.6870 3519.8059 2452.8687 1922.2555 3709.7478 2931.2913 6266.3818 5137.3906 6040.2905 3909.3164 2921.1992 2945.3508 2474.2595 2568.8022 1931.1282 2514.4590 5972.8428 5426.3359 -1.0000 5611.8735 4823.0122 2549.9070 4049.4309 1497.7065 3475.5310 5070.6577 5979.9785 4469.9404 2095.6091 3387.3997 1910.0576 1500.3633 5830.8711 4993.1465 3703.5508 4263.9263 3208.1252 1195.9565
3114.9211 6813.0884 3580.2805 7858.0293 5140.4224 260.4611 820.3298 3239.1685 2660.0295 6706.2993 2675.7161 2127.0774 3218.3132 3689.6396 2081.6709 4033.9304 725.7858 922.5812 437.5946 1732.4344 3086.0864 3619.0906 3168.0254 5965.4648 3747.2498 7538.7217 373.0657 557.9839 5611.8735 -1.0000 1715.8887 4279.0010 1623.0728 4297.9531 7678.4336 734.4011 419.5486 2262.3538 4215.8926 2605.8015 4966.3511 6178.6782 399.5410 1276.6903 7566.6284 1608.1648 2500.6785 5031.3354
1573.1576 6000.5854 2440.5642 7407.9912 4610.5332 1658.1973 915.4283 1558.3610 1121.4567 6476.8042 2086.1338 1557.6649 2841.8391 3031.3767 1203.7974 2571.6274 2383.9138 793.3536 1931.0756 1812.0775 3114.2363 2223.6494 2426.2888 5912.0054 3273.2378 7100.6284 2018.0248 1180.0068 4823.0122 1715.8887 -1.0000 4329.4360 1179.2137 3345.9795 7544.7139 1022.1022 1807.0764 577.6313 4061.0964 1437.5785 3692.4951 5762.2446 2114.6699 439.4770 7536.0366 762.5667 2403.8406 4602.8647
3950.0664 3446.9072 2959.6260 3762.9287 1668.9788 4512.7793 4347.4712 4506.6362 3919.2869 2475.3232 2330.3069 2777.7976 1591.4402 1865.9016 3163.7458 3890.9563 4753.1670 4226.6196 4705.7295 2667.3135 1239.6532 3602.0496 2253.7180 1686.5824 1447.1119 3448.2317 4568.1831 4348.8608 2549.9070 4279.0010 4329.4360 -1.0000 3183.7375 2509.4258 3401.0593 4030.9658 4697.5938 4280.5757 532.6321 3244.3145 3611.7620 2186.3066 4338.4399 4264.5107 3295.5828 3575.6382 1940.5692 1380.9609
1747.3591 5252.2202 1965.1506 6460.5610 3676.9792 1745.9521 1269.0382 2081.5730 1371.7609 5431.5718 1113.2174 530.0651 1790.9219 2141.4106 496.3275 2524.2378 2334.1692 1116.7744 2026.8538 653.6207 1952.8607 2088.4429 1577.2159 4806.8018 2283.4978 6145.7212 1995.9852 1376.9855 4049.4309 1623.0728 1179.2137 3183.7375 -1.0000 2684.3525 6474.1221 1021.2346 1951.1484 1340.2228 2962.0432 1049.5089 3357.9116 4786.7437 1925.7186 1085.0093 6435.2207 421.3799 1243.9076 3618.8079
2141.2383 2655.5544 949.2945 4222.1196 1589.8402 4430.3047 3889.9292 2657.9219 2390.8301 3598.0852 1649.8679 2170.8953 1479.2498 837.0096 2286.7764 1589.6044 4990.6118 3723.8394 4710.0957 2693.1455 2174.5957 1495.5912 1147.8401 3383.1858 1163.6052 3937.6836 4668.6670 4043.2139 1497.7065 4297.9531 3345.9795 2509.4258 2684.3525 -1.0000 4696.6528 3692.0403 4635.4424 2974.0161 1980.7920 1908.8054 1123.1621 2717.4446 4564.7544 3547.0386 4829.7090 2838.5957 2139.2825 1750.9315
6754.2349 3122.5847 5563.6602 1426.0116 3112.0195 7909.4111 7697.5645 7303.7847 6882.9634 1101.7305 5458.9492 6002.0664 4705.3428 4592.5679 6341.2192 6277.6001 8147.8076 7564.8262 8106.4004 6028.9429 4606.6265 6177.8086 5176.1118 1715.7357 4285.3110 1374.4832 7969.1050 7722.4058 3475.5310 7678.4336 7544.7139 3401.0593 6474.1221 4696.6528 -1.0000 7392.1304 8096.4043 7369.0532 3514.8669 6248.5249 5378.7749 2000.5144 7737.0884 7555.5757 460.1837 6828.3516 5266.1187 3012.4866
2382.1150 6273.4028 2915.0557 7450.7217 4681.2158 768.5317 331.0498 2511.0576 1926.0675 6375.2173 2131.7432 1551.1018 2771.7844 3160.7012 1418.8083 3312.7000 1451.1354 285.5118 1060.8450 1365.5138 2795.2327 2905.0249 2597.8472 5698.1685 3282.1228 7133.9932 1084.3657 355.8834 5070.6577 734.4011 1022.1022 4030.9658 1021.2346 3692.0403 7392.1304 -1.0000 964.3920 1541.7396 3882.0349 1912.3977 4285.2642 5771.8560 1120.4570 599.7675 7321.5605 901.2641 2127.7712 4607.0806
3305.8960 7182.7617 3877.7654 8262.9795 5532.7026 206.1189 899.0895 3363.9170 2844.3972 7120.7173 3036.2078 2471.6013 3609.6228 4059.0762 2378.6487 4260.5752 608.0477 1048.8208 131.4686 2129.8357 3500.7024 3860.5889 3520.1616 6383.9199 4135.6445 7943.9590 305.0000 652.5619 5979.9785 419.5486 1807.0764 4697.5938 1951.1484 4635.4424 8096.4043 964.3920 -1.0000 2379.9373 4628.1787 2876.5745 5249.6431 6582.7344 569.8596 1379.4003 7985.9917 1865.0547 2903.1875 5431.0708
1028.9048 5621.9248 2034.5624 7130.3921 4351.5630 2224.5117 1483.0863 984.2281 610.6693 6283.0269 1957.7589 1537.5468 2720.2014 2787.8452 1133.4663 2032.6953 2948.1453 1347.8190 2502.2073 1990.1138 3118.9592 1718.3239 2193.8762 5786.6489 3085.9858 6830.1343 2580.1538 1743.3789 4469.9404 2262.3538 577.6313 4280.5757 1340.2228 2974.0161 7369.0532 1541.7396 2379.9373 -1.0000 3951.5427 1126.2869 3196.9463 5517.4448 2657.3613 1001.8553 7394.6299 950.3820 2428.7949 4379.4253
3529.2883 3084.1145 2481.9631 3668.3828 1251.3309 4434.0742 4184.0996 4090.5601 3542.1084 2496.9548 1996.4932 2505.3865 1231.7910 1379.4274 2866.7202 3397.9006 4751.6475 4050.1365 4651.1011 2524.4563 1135.6060 3131.0781 1832.9850 1851.1080 966.6323 3348.7026 4531.3506 4217.3867 2095.6091 4215.8926 4061.0964 532.6321 2962.0432 1980.7920 3514.8669 3882.0349 4628.1787 3951.5427 -1.0000 2872.1082 3079.5652 2011.5228 4323.7153 4045.8281 3477.3674 3327.0444 1754.2639 999.6450
824.3137 4563.0107 1026.9381 6010.9346 3226.5774 2680.2795 2048.1125 1318.9863 675.0030 5159.7168 930.9404 790.0430 1655.2178 1662.0111 553.2450 1475.1448 3330.4656 1880.2941 2971.9126 1473.4711 2172.4871 1039.0020 1073.0298 4686.7173 1972.8824 5708.7524 2975.3171 2240.6731 3387.3997 2605.8015 1437.5785 3244.3145 1049.5089 1908.8054 6248.5249 1912.3977 2876.5745 1126.2869 2872.1082 -1.0000 2373.5671 4391.6260 2942.4102 1658.7526 6284.3296 1011.6620 1562.2180 3253.7290
2187.0002 2755.0688 1394.8767 4637.2896 2425.5771 5052.2520 4414.2407 2543.7737 2589.3230 4317.9175 2512.8560 2911.5813 2549.3130 1931.3607 2884.7690 1240.4535 5686.6343 4247.1201 5343.2104 3541.2520 3267.7891 1478.6332 2053.1829 4284.7944 2284.9087 4396.1411 5338.3462 4613.7202 1910.0576 4966.3511 3692.4951 3611.7620 3357.9116 1123.1621 5378.7749 4285.2642 5249.6431 3196.9463 3079.5652 2373.5671 -1.0000 3385.3806 5283.4746 3996.7959 5584.0771 3385.1577 3124.4077 2663.9534
4819.3960 1590.9022 3616.9077 1680.8358 1168.4095 6383.1953 6050.7236 5357.4619 4992.0117 936.3845 3700.2800 4276.6509 3000.8540 2735.9773 4568.8901 4286.5464 6745.4614 5902.7583 6616.1602 4454.2476 3135.2017 4210.0957 3339.7393 1271.8840 2506.7688 1362.7362 6508.5190 6120.3242 1500.3633 6178.6782 5762.2446 2186.3066 4786.7437 2717.4446 2000.5144 5771.8560 6582.7344 5517.4448 2011.5228 4391.6260 3385.3806 -1.0000 6313.5884 5836.9980 2204.1519 5094.0806 3679.5491 1168.1515
3488.9873 7026.7012 3890.7744 7986.7393 5312.0830 549.6044 1218.7444 3631.0310 3038.1113 6794.6099 2922.5320 2402.3650 3402.3669 3914.1692 2404.4011 4389.6274 436.7906 1321.5918 485.0567 1922.1456 3188.1199 3968.1938 3422.3750 6021.3545 3934.4197 7666.9077 286.4001 954.3820 5830.8711 399.5410 2114.6699 4338.4399 1925.7186 4564.7544 7737.0884 1120.4570 569.8596 2657.3613 4323.7153 2942.4102 5283.4746 6313.5884 -1.0000 1675.7211 7602.2778 1963.8138 2661.1851 5183.2324
1946.9004 6185.6782 2685.2683 7501.6045 4705.5659 1223.0135 481.2744 1986.0455 1485.4753 6506.7432 2136.9067 1563.4436 2859.3765 3137.2322 1288.1692 2927.5422 1947.6727 354.1328 1500.6615 1640.9037 3028.7913 2552.4705 2540.3442 5891.7124 3330.7195 7189.5649 1580.6694 742.6897 4993.1465 1276.6903 439.4770 4264.5107 1085.0093 3547.0386 7555.5757 599.7675 1379.4003 1001.8553 4045.8281 1658.7526 3996.7959 5836.9980 1675.7211 -1.0000 7520.1045 743.8548 2324.0776 4669.7329
6834.3179 3471.2080 5660.2036 1876.1946 3240.7109 7804.1738 7634.1709 7390.3647 6933.2695 1267.8853 5458.4487 5982.2446 4696.0005 4646.4272 6337.0039 6418.8359 8004.0781 7507.8428 7988.7104 5956.1167 4526.3647 6289.0889 5212.4614 1628.4403 4311.5571 1797.5331 7843.4351 7643.2314 3703.5508 7566.6284 7536.0366 3295.5828 6435.2207 4829.7090 460.1837 7321.5605 7985.9917 7394.6299 3477.3674 6284.3296 5584.0771 2204.1519 7602.2778 7520.1045 -1.0000 6804.3882 5207.6240 3101.1167
1541.7292 5460.7476 2022.9904 6757.8057 3961.7454 1669.6785 1053.3209 1784.7659 1111.7306 5772.7080 1393.8042 826.7551 2125.0793 2394.9507 554.7072 2427.1333 2333.8589 886.2471 1961.7657 1070.1743 2354.2200 2011.0010 1800.9401 5177.2705 2588.4824 6445.8975 1973.2664 1230.8127 4263.9263 1608.1648 762.5667 3575.6382 421.3799 2838.5957 6828.3516 901.2641 1865.0547 950.3820 3327.0444 1011.6620 3385.1577 5094.0806 1963.8138 743.8548 6804.3882 -1.0000 1643.5051 3927.2454
2378.5344 4389.0557 1866.1675 5359.9014 2650.9631 2703.8730 2431.5237 2878.6282 2195.3354 4248.6479 710.7693 891.4264 755.3125 1350.5769 1296.4833 2748.2732 3097.5720 2301.0764 2938.2705 776.5526 710.7214 2335.1575 1076.0911 3580.2661 1283.3472 5040.9922 2837.8901 2464.4402 3208.1252 2500.6785 2403.8406 1940.5692 1243.9076 2139.2825 5266.1187 2127.7712 2903.1875 2428.7949 1754.2639 1562.2180 3124.4077 3679.5491 2661.1851 2324.0776 5207.6240 1643.5051 -1.0000 2531.0273
3743.0791 2087.2766 2559.9556 2843.7800 303.7845 5229.9600 4883.6025 4295.2114 3875.4192 1913.9932 2533.5588 3108.6841 1835.2964 1591.7192 3405.5920 3336.4031 5617.8560 4735.0420 5468.8794 3301.2559 2041.5507 3188.4648 2189.1953 1638.2274 1339.0504 2527.6868 5368.0679 4956.7979 1195.9565 5031.3354 4602.8647 1380.9609 3618.8079 1750.9315 3012.4866 4607.0806 5431.0708 4379.4253 999.6450 3253.7290 2663.9534 1168.1515 5183.2324 4669.7329 3101.1167 3927.2454 2531.0273 -1.0000


DISPLAY_DATA_SECTION
1 6734 1453
2 2233 10
3 5530 1424
4 401 841
5 3082 1644
6 7608 4458
7 7573 3716
8 7265 1268
9 6898 1885
10 1112 2049
11 5468 2606
12 5989 2873
13 4706 2674
14 4612 2035
15 6347 2683
16 6107 669
17 7611 5184
18 7462 3590
19 7732 4723
20 5900 3561
21 4483 3369
22 6101 1110
23 5199 2182
24 1633 2809
25 4307 2322
26 675 1006
27 7555 4819
28 7541 3981
29 3177 756
30 7352 4506
31 7545 2801
32 3245 3305
33 6426 3173
34 4608 1198
35 23 2216
36 7248 3779
37 7762 4595
38 7392 2244
39 3484 2829
40 6271 2135
41 4985 140
42 1916 1569
43 7280 4899
44 7509 3239
45 10 2676
46 6807 2993
47 5185 3258
48 3023 1942
