28 4 17
7 9 6 6
2 9 1 5
-1.0000 529.5281 1158.0155 771.7513 482.5971 332.4154 1217.4153 364.0055 616.1169 629.3647 1249.0797 540.3702 456.9464 1238.2245 948.4725 574.8913 1488.3884 1134.0635 817.4350 671.1930 320.1562 1422.3923 864.0023 282.3119 978.6725 756.6373 460.1087 186.0108 820.0610
529.5281 -1.0000 730.0685 572.7128 388.9730 572.8001 1435.4442 860.5231 620.9670 359.0265 1129.6902 837.3768 466.9047 967.4709 769.4153 796.3040 1142.3221 817.8631 819.8781 272.9469 228.2542 1168.4177 1280.8201 650.0000 1086.0018 490.4080 864.0023 677.7905 418.6884
1158.0155 730.0685 -1.0000 1218.2775 712.5307 990.2020 2160.0232 1521.2167 769.0253 1028.2510 1735.3962 1149.3477 1194.7385 1467.3104 1385.7128 1526.3354 1511.9855 1299.7307 1516.4432 890.2247 852.3497 1652.4528 1990.6029 1355.1753 1796.5522 451.7743 1570.1274 1233.2072 338.3785
771.7513 572.7128 1218.2775 -1.0000 930.0000 1009.6039 1006.2306 910.2197 1160.6895 213.7756 557.3150 1271.3772 325.5764 466.4762 200.0000 539.3514 728.3543 376.4306 326.4966 331.2099 674.7592 653.9113 1098.9541 648.1512 614.0032 1062.3088 778.7811 957.1833 962.5487
482.5971 388.9730 712.5307 930.0000 -1.0000 282.8427 1647.5436 841.1896 233.4523 721.1102 1482.7340 499.2995 724.2237 1351.4807 1130.0000 984.7842 1531.0127 1205.4045 1118.2576 659.6969 272.0294 1551.9343 1346.1798 735.5270 1348.5177 278.5678 936.0555 523.9275 393.1921
332.4154 572.8001 990.2020 1009.6039 282.8427 -1.0000 1549.4515 636.5532 306.1046 824.6212 1531.8290 269.2582 732.4616 1465.3668 1203.0378 905.2072 1682.3793 1337.5350 1120.0447 809.9383 360.5551 1660.2711 1159.7413 614.6544 1304.1855 543.3231 779.3587 280.1785 676.0178
1217.4153 1435.4442 2160.0232 1006.2306 1647.5436 1549.4515 -1.0000 992.9753 1825.2946 1148.5643 816.1495 1718.4004 968.7621 1141.0959 934.0771 662.8726 1421.2671 1208.3873 679.7794 1292.7490 1388.0922 1169.6581 619.8387 935.2005 395.6008 1880.4255 793.0952 1318.9769 1852.8357
364.0055 860.5231 1521.2167 910.2197 841.1896 636.5532 992.9753 -1.0000 941.7537 843.0895 1260.5157 742.4958 595.3990 1351.0366 1039.4711 478.5395 1633.7687 1286.0016 815.4140 931.4505 674.6851 1508.9401 524.0229 264.1969 865.8522 1118.0339 212.1320 362.3534 1182.9624
616.1169 620.9670 769.0253 1160.6895 233.4523 306.1046 1825.2946 941.7537 -1.0000 953.3625 1710.7308 382.0995 937.4434 1584.9291 1360.5881 1167.7756 1761.3915 1438.3672 1333.6416 892.6926 491.6299 1785.3851 1463.8647 893.5883 1549.5161 326.9557 1074.4766 586.0034 513.1277
629.3647 359.0265 1028.2510 213.7756 721.1102 824.6212 1148.5643 843.0895 953.3625 -1.0000 771.0383 1091.6501 261.7250 641.9501 411.9466 580.5170 865.3323 514.7815 488.3646 144.2220 475.3946 839.3450 1132.1660 581.8934 771.5569 848.9994 758.0237 813.9410 755.9100
1249.0797 1129.6902 1735.3962 557.3150 1482.7340 1531.8290 816.1495 1260.5157 1710.7308 771.0383 -1.0000 1780.8425 800.6248 362.4914 361.3862 784.9203 611.3101 490.4080 447.2136 876.4131 1220.0410 353.5534 1214.9486 1038.7012 501.1986 1618.3016 1068.3164 1423.3762 1508.4098
540.3702 837.3768 1149.3477 1271.3772 499.2995 269.2582 1718.4004 742.4958 382.0995 1091.6501 1780.8425 -1.0000 980.6121 1730.7802 1461.6429 1105.4863 1951.3329 1605.5217 1356.2449 1079.1200 629.6824 1924.1621 1253.9937 805.0466 1514.0013 700.9280 926.5527 400.2499 870.9191
456.9464 466.9047 1194.7385 325.5764 724.2237 732.4616 968.7621 595.3990 937.4434 261.7250 800.6248 980.6121 -1.0000 788.1624 491.9350 340.1470 1053.6128 700.3571 396.2323 383.2754 452.2168 967.4709 875.7283 331.2099 631.3478 924.3917 496.4877 639.5311 884.1380
1238.2245 967.4709 1467.3104 466.4762 1351.4807 1465.3668 1141.0959 1351.0366 1584.9291 641.9501 362.4914 1730.7802 788.1624 -1.0000 312.4100 918.0958 300.8322 167.6305 586.0034 694.6222 1116.8258 200.9975 1435.4442 1096.5856 775.2419 1430.1399 1192.0151 1423.5870 1288.7590
948.4725 769.4153 1385.7128 200.0000 1130.0000 1203.0378 934.0771 1039.4711 1360.5881 411.9466 361.3862 1461.6429 491.9350 312.4100 -1.0000 609.0156 605.3925 292.7456 294.2788 515.4609 873.6704 477.0744 1141.7969 787.4643 541.2947 1257.1794 880.0568 1131.4592 1148.2595
574.8913 796.3040 1526.3354 539.3514 984.7842 905.2072 662.8726 478.5395 1167.7756 580.5170 784.9203 1105.4863 340.1470 918.0958 609.0156 -1.0000 1214.3311 887.6937 346.5545 715.6815 726.2231 1055.5094 561.4268 300.6659 410.0000 1220.2458 284.2534 710.2816 1206.1509
1488.3884 1142.3221 1511.9855 728.3543 1531.0127 1682.3793 1421.2671 1633.7687 1761.3915 865.3323 611.3101 1951.3329 1053.6128 300.8322 605.3925 1214.3311 -1.0000 354.6830 886.3972 877.2685 1323.7825 275.1363 1736.2604 1374.4089 1068.8779 1561.7938 1483.8463 1674.3058 1396.0659
1134.0635 817.8631 1299.7307 376.4306 1205.4045 1337.5350 1208.3873 1286.0016 1438.3672 514.7815 490.4080 1605.5217 700.3571 167.6305 292.7456 887.6937 354.6830 -1.0000 586.9412 545.7106 982.3441 361.2478 1431.3630 1024.4999 822.9824 1270.3542 1146.1239 1320.0378 1124.4554
817.4350 819.8781 1516.4432 326.4966 1118.2576 1120.0447 679.7794 815.4140 1333.6416 488.3646 447.2136 1356.2449 396.2323 586.0034 294.2788 346.5545 886.3972 586.9412 -1.0000 629.3647 846.4633 710.6335 850.9407 592.3681 288.4441 1301.8833 630.3174 984.8858 1234.2205
671.1930 272.9469 890.2247 331.2099 659.6969 809.9383 1292.7490 931.4505 892.6926 144.2220 876.4131 1079.1200 383.2754 694.6222 515.4609 715.6815 877.2685 545.7106 629.3647 -1.0000 449.4441 895.6003 1258.9678 678.9698 914.3850 746.7262 870.5171 848.1155 633.2456
320.1562 228.2542 852.3497 674.7592 272.0294 360.5551 1388.0922 674.6851 491.6299 475.3946 1220.0410 629.6824 452.2168 1116.8258 873.6704 726.2231 1323.7825 982.3441 846.4633 449.4441 -1.0000 1314.7244 1140.6139 507.7401 1078.3784 495.1767 720.6941 452.2168 514.7815
1422.3923 1168.4177 1652.4528 653.9113 1551.9343 1660.2711 1169.6581 1508.9401 1785.3851 839.3450 353.5534 1924.1621 967.4709 200.9975 477.0744 1055.5094 275.1363 361.2478 710.6335 895.6003 1314.7244 -1.0000 1539.5129 1262.1014 841.5462 1630.0000 1336.8994 1606.5491 1485.6985
864.0023 1280.8201 1990.6029 1098.9541 1346.1798 1159.7413 619.8387 524.0229 1463.8647 1132.1660 1214.9486 1253.9937 875.7283 1435.4442 1141.7969 561.4268 1736.2604 1431.3630 850.9407 1258.9678 1140.6139 1539.5129 -1.0000 635.6099 718.4010 1616.9725 420.4759 886.1716 1654.6903
282.3119 650.0000 1355.1753 648.1512 735.5270 614.6544 935.2005 264.1969 893.5883 581.8934 1038.7012 805.0466 331.2099 1096.5856 787.4643 300.6659 1374.4089 1024.4999 592.3681 678.9698 507.7401 1262.1014 635.6099 -1.0000 710.2816 994.8869 215.4066 410.0000 1020.0000
978.6725 1086.0018 1796.5522 614.0032 1348.5177 1304.1855 395.6008 865.8522 1549.5161 771.5569 501.1986 1514.0013 631.3478 775.2419 541.2947 410.0000 1068.8779 822.9824 288.4441 914.3850 1078.3784 841.5462 718.4010 710.2816 -1.0000 1555.5385 655.2099 1120.1786 1504.1609
756.6373 490.4080 451.7743 1062.3088 278.5678 543.3231 1880.4255 1118.0339 326.9557 848.9994 1618.3016 700.9280 924.3917 1430.1399 1257.1794 1220.2458 1561.7938 1270.3542 1301.8833 746.7262 495.1767 1630.0000 1616.9725 994.8869 1555.5385 -1.0000 1202.0815 800.8121 198.4943
460.1087 864.0023 1570.1274 778.7811 936.0555 779.3587 793.0952 212.1320 1074.4766 758.0237 1068.3164 926.5527 496.4877 1192.0151 880.0568 284.2534 1483.8463 1146.1239 630.3174 870.5171 720.6941 1336.8994 420.4759 215.4066 655.2099 1202.0815 -1.0000 529.2448 1234.3419
186.0108 677.7905 1233.2072 957.1833 523.9275 280.1785 1318.9769 362.3534 586.0034 813.9410 1423.3762 400.2499 639.5311 1423.5870 1131.4592 710.2816 1674.3058 1320.0378 984.8858 848.1155 452.2168 1606.5491 886.1716 410.0000 1120.1786 800.8121 529.2448 -1.0000 902.7181
820.0610 418.6884 338.3785 962.5487 393.1921 676.0178 1852.8357 1182.9624 513.1277 755.9100 1508.4098 870.9191 884.1380 1288.7590 1148.2595 1206.1509 1396.0659 1124.4554 1234.2205 633.2456 514.7815 1485.6985 1654.6903 1020.0000 1504.1609 198.4943 1234.3419 902.7181 -1.0000


DISPLAY_DATA_SECTION
   1    1150.0  1760.0
   2     630.0  1660.0
   3      40.0  2090.0
   4     750.0  1100.0
   5     750.0  2030.0
   6    1030.0  2070.0
   7    1650.0   650.0
   8    1490.0  1630.0
   9     790.0  2260.0
  10     710.0  1310.0
  11     840.0   550.0
  12    1170.0  2300.0
  13     970.0  1340.0
  14     510.0   700.0
  15     750.0   900.0
  16    1280.0  1200.0
  17     230.0   590.0
  18     460.0   860.0
  19    1040.0   950.0
  20     590.0  1390.0
  21     830.0  1770.0
  22     490.0   500.0
  23    1840.0  1240.0
  24    1260.0  1500.0
  25    1280.0   790.0
  26     490.0  2130.0
  27    1460.0  1420.0
  28    1260.0  1910.0
  29     360.0  1980.0
