126 10 62
12 12 14 8 13 16 13 8 17 13
10 4 13 1 12 4 6 1 5 6
-1.0000 656.1951 1556.3033 1352.7809 1660.8672 991.1044 418.2440 1874.0374 1396.8250 1233.0969 1276.0000 1044.0000 844.4927 883.4297 836.4879 259.3839 1476.4390 2132.6340 1611.5236 1148.3414 1560.6204 1415.9604 1401.6333 1249.3583 3321.7344 2284.9351 1774.4587 3764.1956 3792.6855 1453.4758 1628.1376 4114.3223 3528.0022 1888.3431 1165.7855 1037.5355 883.4297 2320.0000 2132.6340 1724.4640 1069.4672 2320.0000 1648.6698 2167.0588 2498.7166 4153.3833 3268.6487 3535.6221 3603.4761 1050.4247 1069.4672 2091.2197 3411.6624 2065.3213 3266.5896 1982.2089 1640.4878 2624.7803 3235.5476 2678.0679 2698.0911 2864.9888 9304.6172 2708.0474 5833.5430 3395.8491 2678.0679 3603.4761 5020.2676 4537.3647 4158.2402 1870.4438 2805.6658 2737.6982 4547.7324 3506.9622 2391.4014 3381.9521 2311.2837 2479.7969 4915.9917 6808.5181 6827.2676 4697.6421 7345.6489 7488.9658 7446.6216 7631.3545 6089.7236 2348.8210 2705.5618 6406.3096 4778.5806 4518.0474 4277.8687 6704.9604 5926.2266 12003.6182 7540.0000 2138.9343 11020.6104 10722.9434 2645.2070 7007.2065 591.4863 883.4297 9752.9717 1094.3418 6433.5571 5851.9673 6564.0010 6149.0942 3899.3948 812.0000 1100.4727 2422.1511 4111.0503 3642.4739 8622.3203 820.2439 1556.3033 3640.6262 4721.9268 2345.9548 5096.0850 5911.4492 6612.0000
656.1951 -1.0000 1870.4438 1995.7395 1165.7855 1611.5236 844.4927 2490.6257 1944.5143 1357.7452 1800.8043 1577.7706 778.1517 1281.2618 1485.5248 624.6791 2132.6340 2788.8291 2252.3125 1804.5365 2216.1770 2065.3213 2029.1713 1870.4438 3601.6086 2593.8389 2207.0505 3945.7056 4079.8372 1755.3986 2116.8013 4417.1484 3778.4675 1972.0000 905.9890 1037.5355 883.4297 2498.7166 2231.3044 1560.6204 1296.9194 2320.0000 1712.7195 1628.1376 1913.1210 3506.9622 2650.2891 2881.3801 2964.2483 676.3904 418.2440 1660.8672 2767.0317 1415.9604 2786.4155 1411.2009 984.2927 2705.5618 3612.7996 3036.0105 2982.3508 3185.2510 9953.0430 2767.0317 5559.5352 3044.8618 3274.8179 4247.8813 5674.5229 5179.8901 4772.9453 2509.4636 3443.0708 3387.9150 5199.3369 4153.3833 3044.8618 3994.8486 2909.2651 3044.8618 5514.5771 7377.6367 7373.0752 5300.5781 7923.7427 8070.1328 8037.5527 8228.6445 6072.0210 2690.5999 2934.5938 6406.3096 4292.0000 3862.9917 3964.4177 7341.0679 5908.0337 11976.6836 7475.4775 2188.6836 11489.2715 11237.6406 2100.8494 7315.3613 1194.2931 1512.4550 9131.6387 1740.0000 7056.0044 6422.0435 5908.0337 5502.3633 3787.3601 1357.7452 997.8698 2793.6499 4697.6421 2993.6091 9277.8252 1050.4247 956.5605 3856.0186 4571.3418 1859.6215 5179.8901 6492.8921 6165.4844
1556.3033 1870.4438 -1.0000 1411.2009 1972.0000 1142.4675 1142.4675 1434.8407 812.0000 624.6791 705.6005 2228.2874 1165.7855 2302.5342 1352.7809 1815.6873 1774.4587 2207.0505 1508.0000 1615.6930 1755.3986 1525.7418 1281.2618 1182.9725 4640.0000 3623.9558 2993.6091 5173.3921 5084.1890 2872.0251 2767.0317 5373.6929 4873.3809 3411.6624 2678.0679 2593.8389 2438.7603 3776.6863 3642.4739 3274.8179 2575.6179 3861.2495 3185.2510 3481.9329 3719.2429 4666.0269 3642.4739 4203.2998 4086.4282 1547.6331 2091.2197 2052.2495 3959.3232 3071.2629 3088.7383 2388.5862 2593.8389 1249.3583 1743.8624 1165.7855 1142.4675 1322.6035 9182.3359 1357.7452 4884.4126 2824.7847 1902.5415 3123.3955 4635.6479 3967.8105 3364.0000 1640.4878 2334.4551 2457.9958 4512.0869 3642.4739 2554.6350 3829.7571 2982.3508 3266.5896 5341.0410 7311.6816 7427.6240 5109.2700 6279.0190 6433.5571 6434.6025 6647.5186 4697.6421 820.2439 1160.0000 4989.3486 6152.3760 5291.6855 5800.0000 5992.8345 7447.5254 13515.8672 6187.2710 928.0000 11812.6504 11373.3252 3944.0000 5466.7886 1148.3414 1194.2931 10753.0186 1357.7452 5616.1255 4772.9453 7175.1416 6580.3804 2730.3157 905.9890 1100.4727 928.0000 4645.7964 4217.6807 8190.1260 820.2439 2200.9453 5020.2676 6277.9473 2380.1211 3612.7996 6384.2168 8034.2041
1352.7809 1995.7395 1411.2009 -1.0000 2767.0317 418.2440 1233.0969 580.0000 624.6791 1660.8672 705.6005 1211.0756 1770.6632 1512.4550 518.7678 1508.0000 366.8242 883.4297 259.3839 366.8242 348.0000 116.0000 164.0488 232.0000 3448.9280 2509.4636 1834.1211 4060.0000 3856.0186 1944.5143 1577.7706 4114.3223 3699.2908 2617.0793 2391.4014 2100.8494 2002.4705 2803.2666 2788.8291 2786.4155 1859.6215 3095.2661 2460.7317 3489.6533 3840.2832 5423.5430 4477.6602 4840.1338 4856.7856 2157.7246 2391.4014 3062.4878 4681.8613 3411.6624 4222.4639 3155.5413 2971.0496 2645.2070 2482.5083 2052.2495 2252.3125 2302.5342 8078.4653 2757.2886 6290.7944 4119.2251 1396.8250 2252.3125 3692.0088 3185.2510 2824.7847 518.7678 1453.4758 1396.8250 3323.7593 2348.8210 1211.0756 2438.7603 1577.7706 1874.0374 3971.2004 5934.1680 6032.0000 3740.8877 6052.0435 6190.5322 6134.8540 6311.0825 6018.6006 1834.1211 2388.5862 6287.5854 6028.6528 5851.9673 5341.0410 5352.3662 6489.7827 12487.1182 7522.1328 2331.5710 10402.5547 9976.6748 3964.4177 6230.6147 820.2439 492.1463 11102.7207 259.3839 5088.1572 4577.2256 7876.0498 7411.3018 4140.4038 778.1517 1920.1416 1811.9779 3248.0000 4924.1968 7300.6313 1401.6333 2793.6499 3876.8999 5544.9941 3371.9905 4858.1709 5009.5347 7803.1021
1660.8672 1165.7855 1972.0000 2767.0317 -1.0000 2348.8210 1556.3033 3121.2407 2460.7317 1352.7809 2296.6829 2690.5999 997.8698 2436.0000 2334.4551 1743.8624 3009.3003 3640.6262 2993.6091 2698.0911 3064.6841 2864.9888 2737.6982 2575.6179 4756.0000 3757.0393 3364.0000 5064.3003 5234.1587 2920.8054 3256.2751 5574.0386 4924.1968 3082.1965 1920.1416 2167.0588 2025.8529 3633.2266 3339.9138 2546.7219 2460.7317 3371.9905 2824.7847 2029.1713 2091.2197 2717.9668 1724.4640 2231.3044 2138.9343 624.6791 883.4297 518.7678 1995.7395 1322.6035 1624.0000 418.2440 935.2219 2216.1770 3573.4778 3011.5352 2822.4019 3071.2629 10845.2246 2231.3044 4462.6089 1920.1416 3787.3601 4924.1968 6416.8027 5824.3091 5290.4141 3225.1338 4104.4990 4130.6426 6087.5137 5084.1890 3944.0000 5025.6255 3967.8105 4140.4038 6567.0757 8468.7949 8487.0469 6346.1650 8249.0605 8404.1982 8406.5996 8619.1982 5245.7144 2678.0679 2678.0679 5598.1270 4558.0767 3321.7344 4600.6836 7916.9468 6867.5527 12890.6221 6570.1484 1740.0000 12646.1279 12374.5420 2391.4014 6994.7134 1972.0000 2287.8777 8803.7812 2546.7219 7564.9434 6743.9810 5220.0000 4676.1094 2900.0000 1995.7395 905.9890 2824.7847 5768.5952 2252.3125 10019.0693 1396.8250 418.2440 4989.3486 5413.6094 696.0000 4524.0000 7569.3887 6471.0952
991.1044 1611.5236 1142.4675 418.2440 2348.8210 -1.0000 820.2439 883.4297 518.7678 1281.2618 492.1463 1160.0000 1352.7809 1357.7452 259.3839 1182.9725 705.6005 1296.9194 656.1951 478.2802 733.6484 518.7678 418.2440 259.3839 3535.6221 2544.0786 1888.3431 4104.4990 3967.8105 1870.4438 1648.6698 4247.8813 3776.6863 2498.7166 2100.8494 1859.6215 1740.0000 2767.0317 2698.0911 2562.5237 1688.9855 2973.3132 2311.2837 3155.5413 3489.6533 5009.5347 4060.0000 4432.3540 4441.4521 1740.0000 1995.7395 2650.2891 4268.4219 3024.9099 3815.6772 2737.6982 2575.6179 2391.4014 2490.6257 1995.7395 2132.6340 2228.2874 8496.5547 2498.7166 5971.4653 3740.8877 1688.9855 2645.2070 4101.2192 3573.4778 3168.3081 905.9890 1834.1211 1804.5365 3740.8877 2757.2886 1615.6930 2805.6658 1870.4438 2138.9343 4348.0664 6302.5479 6384.2168 4119.2251 6358.8740 6501.1763 6456.5229 6640.4302 5828.9277 1724.4640 2228.2874 6112.8809 5741.7070 5453.2339 5136.8486 5729.9775 6467.9751 12504.8857 7323.6343 2025.8529 10722.9434 10324.6514 3633.2266 6279.0190 418.2440 116.0000 10738.6182 232.0000 5447.0615 4869.2373 7468.2744 6995.6753 3856.0186 366.8242 1508.0000 1740.0000 3603.4761 4512.0869 7710.2925 991.1044 2380.1211 3937.1707 5430.9810 2957.4314 4710.5142 5381.1997 7548.0264
418.2440 844.4927 1142.4675 1233.0969 1556.3033 820.2439 -1.0000 1672.9758 1100.4727 836.4879 956.5605 1322.6035 591.4863 1254.7318 778.1517 676.3904 1453.4758 2091.2197 1476.4390 1142.4675 1512.4550 1322.6035 1233.0969 1069.4672 3684.7122 2647.7493 2091.2197 4153.3833 4150.1421 1834.1211 1913.1210 4464.1167 3899.3948 2302.5342 1547.6331 1453.4758 1296.9194 2717.9668 2544.0786 2132.6340 1476.4390 2737.6982 2065.3213 2460.7317 2757.2886 4190.4751 3250.0708 3612.7996 3623.9558 935.2219 1194.2931 1913.1210 3448.9280 2231.3044 3095.2661 1930.6248 1770.6632 2216.1770 2843.7749 2279.0383 2284.9351 2457.9958 9298.1074 2302.5342 5514.5771 3134.1475 2438.7603 3460.6125 4921.4634 4385.0454 3944.0000 1724.4640 2645.2070 2624.7803 4537.3647 3528.0022 2388.5862 3489.6533 2460.7317 2670.5205 5036.3242 6961.9331 7007.2065 4812.2529 7079.8022 7226.5298 7195.7407 7388.5718 5688.7329 1944.5143 2287.8777 6001.8091 5109.2700 4640.0000 4670.3506 6531.1191 6341.9229 12418.5029 7146.9556 1740.0000 11261.5625 10926.1904 2936.8855 6602.8359 418.2440 742.7624 9965.2031 997.8698 6230.6147 5577.6582 6648.5308 6178.5654 3528.0022 518.7678 812.0000 2025.8529 4254.2119 3692.0088 8530.5361 418.2440 1560.6204 4021.7051 5138.1582 2200.9453 4681.8613 6052.0435 6963.8657
1874.0374 2490.6257 1434.8407 580.0000 3121.2407 883.4297 1672.9758 -1.0000 676.3904 1870.4438 836.4879 1774.4587 2132.6340 2091.2197 1069.4672 2055.5251 778.1517 844.4927 366.8242 935.2219 676.3904 591.4863 478.2802 624.6791 3897.6689 3009.3003 2334.4551 4537.3647 4277.8687 2504.0959 2075.0710 4512.0869 4153.3833 3185.2510 2957.4314 2678.0679 2575.6179 3339.9138 3347.9617 3365.9995 2438.7603 3662.7356 3036.0105 4035.0664 4372.7539 5824.3091 4845.6909 5272.5796 5249.5605 2544.0786 2864.9888 3345.9517 5088.1572 3899.3948 4462.6089 3528.0022 3443.0708 2554.6350 2052.2495 1712.7195 1982.2089 1972.0000 7785.8384 2670.5205 6264.0000 4255.7935 820.2439 1804.5365 3297.3396 2717.9668 2284.9351 259.3839 984.2927 1037.5355 3082.1965 2216.1770 1182.9725 2479.7969 1834.1211 2157.7246 3945.7056 5917.1372 6059.8203 3713.8120 5486.4443 5626.8970 5577.6582 5759.2568 5773.2583 1577.7706 2167.0588 6019.7183 6598.7588 6311.0825 5920.5474 4858.1709 7003.3647 12965.5625 7281.2524 2345.9548 10489.5049 10000.2500 4512.0869 5729.9775 1296.9194 991.1044 11620.8613 820.2439 4565.4512 4004.9409 8304.3359 7796.2012 4066.6233 1160.0000 2228.2874 1508.0000 3299.3794 5337.2607 6897.8560 1724.4640 3208.4014 4343.4219 6105.1714 3668.2422 4565.4512 4989.3486 8380.9502
1396.8250 1944.5143 812.0000 624.6791 2460.7317 518.7678 1100.4727 676.3904 -1.0000 1194.2931 164.0488 1672.9758 1485.5248 1874.0374 778.1517 1624.0000 991.1044 1396.8250 696.0000 905.9890 956.5605 733.6484 478.2802 418.2440 4020.0317 3044.8618 2380.1211 4605.0684 4441.4521 2388.5862 2132.6340 4710.5142 4265.2681 3016.0000 2552.0000 2345.9548 2216.1770 3283.0254 3216.7786 3051.4836 2200.9453 3489.6533 2824.7847 3548.9175 3856.0186 5173.3921 4184.0479 4640.0000 4596.2939 1902.5415 2284.9351 2670.5205 4441.4521 3321.7344 3787.3601 2872.0251 2853.2227 2025.8529 1972.0000 1485.5248 1648.6698 1724.4640 8461.6416 2138.9343 5694.6431 3601.6086 1352.7809 2466.1938 3967.8105 3364.0000 2864.9888 844.4927 1648.6698 1712.7195 3748.0747 2843.7749 1743.8624 3018.2300 2200.9453 2498.7166 4529.9448 6500.1416 6616.0688 4298.2656 5979.3472 6126.0742 6096.3491 6290.7944 5397.4292 1233.0969 1770.6632 5669.7783 6175.2979 5694.6431 5626.8970 5475.3965 6984.1250 13015.2822 6899.8062 1740.0000 11007.7822 10561.7344 4026.7207 5760.4248 812.0000 624.6791 11059.6133 656.1951 5152.5420 4477.6602 7663.9048 7136.5933 3528.0022 591.4863 1560.6204 1233.0969 3835.0239 4693.3433 7562.2749 1069.4672 2575.6179 4432.3540 5946.6265 2993.6091 4247.8813 5572.8311 8004.8403
1233.0969 1357.7452 624.6791 1660.8672 1352.7809 1281.2618 836.4879 1870.4438 1194.2931 -1.0000 1037.5355 2132.6340 591.4863 2091.2197 1396.8250 1476.4390 1985.6002 2533.4783 1834.1211 1740.0000 2002.4705 1774.4587 1577.7706 1434.8407 4518.0474 3481.9329 2909.2651 4989.3486 4981.2515 2670.5205 2715.4905 5291.6855 4734.7329 3116.9268 2231.3044 2228.2874 2065.3213 3550.8127 3364.0000 2864.9888 2302.5342 3535.6221 2872.0251 2920.8054 3132.0000 4060.0000 3044.8618 3582.8794 3480.0000 935.2219 1512.4550 1485.5248 3345.9517 2460.7317 2593.8389 1770.6632 1985.6002 1396.8250 2322.8982 1743.8624 1640.4878 1859.6215 9655.9111 1476.4390 4731.8901 2460.7317 2460.7317 3642.4739 5151.2358 4518.0474 3950.8176 2025.8529 2831.9209 2906.9517 4935.1152 3999.8979 2869.6814 4086.4282 3134.1475 3381.9521 5626.8970 7583.5972 7663.9048 5397.4292 6902.7310 7056.9580 7056.0044 7267.3794 4856.7856 1396.8250 1577.7706 5173.3921 5587.2998 4668.9102 5322.1123 6580.3804 7147.8970 13226.5439 6311.0825 905.9890 11983.9844 11602.3193 3371.9905 5964.7017 1069.4672 1276.0000 10128.6006 1512.4550 6217.6431 5396.1821 6567.0757 5992.8345 2698.0911 928.0000 478.2802 1525.7418 4884.4126 3603.4761 8733.1904 418.2440 1577.7706 4858.1709 5889.7852 1811.9779 3876.8999 6661.6729 7481.7754
1276.0000 1800.8043 705.6005 705.6005 2296.6829 492.1463 956.5605 836.4879 164.0488 1037.5355 -1.0000 1648.6698 1322.6035 1815.6873 742.7624 1512.4550 1069.4672 1525.7418 820.2439 935.2219 1050.4247 820.2439 580.0000 478.2802 4026.7207 3036.0105 2380.1211 4596.2939 4456.5747 2348.8210 2138.9343 4733.3115 4268.4219 2957.4314 2438.7603 2252.3125 2116.8013 3250.0708 3166.1838 2957.4314 2132.6340 3427.4026 2757.2886 3413.6338 3713.8120 5009.5347 4020.0317 4477.6602 4432.3540 1740.0000 2132.6340 2509.4636 4277.8687 3168.3081 3631.3745 2708.0474 2698.0911 1944.5143 2025.8529 1512.4550 1640.4878 1740.0000 8619.1982 2055.5251 5587.2998 3460.6125 1512.4550 2629.9019 4130.6426 3528.0022 3024.9099 991.1044 1811.9779 1870.4438 3899.3948 2982.3508 1870.4438 3132.0000 2279.0383 2567.7695 4653.0317 6621.1514 6729.0000 4421.7153 6126.0742 6273.6592 6246.7910 6442.9619 5352.3662 1233.0969 1740.0000 5631.6777 6049.8198 5534.0635 5530.4150 5637.6479 6949.3584 12992.5176 6850.8779 1628.1376 11107.5674 10674.5215 3890.7583 5818.5303 705.6005 580.0000 10906.4678 676.3904 5311.9893 4622.5674 7500.6357 6972.5552 3435.2456 464.0000 1396.8250 1254.7318 3945.7056 4529.9448 7725.9834 905.9890 2413.8037 4429.3169 5880.6396 2831.9209 4222.4639 5694.6431 7888.0000
1044.0000 1577.7706 2228.2874 1211.0756 2690.5999 1160.0000 1322.6035 1774.4587 1672.9758 2132.6340 1648.6698 -1.0000 1870.4438 418.2440 905.9890 956.5605 1044.0000 1577.7706 1411.2009 844.4927 1160.0000 1182.9725 1357.7452 1296.9194 2413.8037 1396.8250 778.1517 2952.8779 2864.9888 733.6484 591.4863 3166.1838 2645.2070 1411.2009 1485.5248 1094.3418 1069.4672 1611.5236 1577.7706 1688.9855 733.6484 1888.3431 1276.0000 2645.2070 3044.8618 5036.3242 4222.4639 4377.3672 4513.5776 2091.2197 1982.2089 3134.1475 4306.0850 2831.9209 4306.0850 2982.3508 2490.6257 3443.0708 3640.6262 3155.5413 3285.0742 3387.9150 8480.7031 3541.3264 6837.1152 4432.3540 2562.5237 3155.5413 4417.1484 4073.2356 3871.6902 1628.1376 2460.7317 2279.0383 3776.6863 2708.0474 1712.7195 2447.0227 1352.7809 1467.2969 3945.7056 5800.0000 5801.1597 3735.4883 7136.5933 7267.3794 7190.1289 7348.3965 6918.3086 2881.3801 3364.0000 7215.3491 4989.3486 5272.5796 4177.6108 6246.7910 5311.9893 11344.8945 8398.5918 3009.3003 9976.6748 9684.4365 3088.7383 7418.5605 1094.3418 1069.4672 10267.1465 1037.5355 6055.3779 5694.6431 7355.7173 7022.5522 4829.0005 1322.6035 2116.8013 2900.0000 3123.3955 4518.0474 7957.6338 1724.4640 2533.4783 2793.6499 4334.1177 3381.9521 5838.1543 4915.9917 6693.9136
844.4927 778.1517 1165.7855 1770.6632 997.8698 1352.7809 591.4863 2132.6340 1485.5248 591.4863 1322.6035 1870.4438 -1.0000 1724.4640 1357.7452 1037.5355 2025.8529 2647.7493 1995.7395 1724.4640 2075.0710 1870.4438 1740.0000 1577.7706 4158.2402 3123.3955 2617.0793 4575.7554 4631.2920 2284.9351 2460.7317 4955.5220 4358.8843 2645.2070 1672.9758 1724.4640 1560.6204 3123.3955 2900.0000 2320.0000 1870.4438 3036.0105 2391.4014 2331.5710 2554.6350 3692.0088 2717.9668 3155.5413 3116.9268 418.2440 928.0000 1322.6035 2957.4314 1913.1210 2504.0959 1396.8250 1434.8407 1930.6248 2900.0000 2320.0000 2231.3044 2447.0227 9849.0762 1995.7395 4989.3486 2562.5237 2831.9209 3937.1707 5423.5430 4845.6909 4343.4219 2228.2874 3116.9268 3134.1475 5093.4438 4099.5786 2957.4314 4079.8372 3051.4836 3256.2751 5626.8970 7553.3726 7596.8931 5402.4126 7388.5718 7540.0000 7526.6035 7730.3359 5332.2158 1972.0000 2167.0588 5660.2769 5000.1250 4217.6807 4738.9941 6960.0000 6644.4814 12720.3936 6757.9336 1415.9604 11837.1162 11512.6709 2786.4155 6555.7964 991.1044 1296.9194 9628.6992 1556.3033 6628.2607 5880.6396 6178.5654 5665.0298 3088.7383 997.8698 259.3839 2091.2197 4845.6909 3208.4014 9028.6455 418.2440 1094.3418 4462.6089 5341.0410 1615.6930 4409.5259 6643.4688 6892.0010
883.4297 1281.2618 2302.5342 1512.4550 2436.0000 1357.7452 1254.7318 2091.2197 1874.0374 2091.2197 1815.6873 418.2440 1724.4640 -1.0000 1100.4727 705.6005 1411.2009 1982.2089 1740.0000 1160.0000 1525.7418 1508.0000 1640.4878 1547.6331 2438.7603 1401.6333 928.0000 2900.0000 2909.2651 580.0000 844.4927 3231.3860 2647.7493 1142.4675 1069.4672 676.3904 656.1951 1476.4390 1352.7809 1296.9194 348.0000 1615.6930 956.5605 2228.2874 2629.9019 4668.9102 3889.0286 3999.8979 4158.2402 1870.4438 1660.8672 2909.2651 3945.7056 2447.0227 4060.0000 2690.5999 2132.6340 3460.6125 3840.2832 3323.7593 3411.6624 3541.3264 8882.9043 3550.8127 6712.9834 4254.2119 2900.0000 3558.3838 4834.5703 4480.6641 4254.2119 1975.4088 2843.7749 2678.0679 4190.4751 3121.2407 2129.4771 2831.9209 1740.0000 1815.6873 4306.0850 6126.0742 6105.1714 4101.2192 7514.0786 7647.2070 7575.6084 7738.1650 6938.7007 3024.9099 3460.6125 7247.9116 4588.9692 4873.3809 3829.7571 6656.6216 5151.2358 11214.2666 8400.9951 2993.6091 10210.6357 9957.7744 2670.5205 7632.2358 1160.0000 1249.3583 9849.0762 1296.9194 6456.5229 6059.8203 6960.0000 6647.5186 4777.1724 1415.9604 1982.2089 3064.6841 3476.1311 4150.1421 8375.3281 1672.9758 2231.3044 2767.0317 4073.2356 3132.0000 5905.7559 5255.9648 6316.4102
836.4879 1485.5248 1352.7809 518.7678 2334.4551 259.3839 778.1517 1069.4672 778.1517 1396.8250 742.7624 905.9890 1357.7452 1100.4727 -1.0000 991.1044 676.3904 1322.6035 778.1517 366.8242 742.7624 580.0000 591.4863 464.0000 3297.3396 2296.6829 1648.6698 3856.0186 3735.4883 1611.5236 1415.9604 4021.7051 3535.6221 2240.3320 1888.3431 1624.0000 1512.4550 2509.4636 2438.7603 2322.8982 1434.8407 2715.4905 2055.5251 2973.3132 3321.7344 4946.0093 4021.7051 4348.0664 4385.0454 1712.7195 1888.3431 2678.0679 4203.2998 2900.0000 3856.0186 2705.5618 2466.1938 2593.8389 2749.9585 2252.3125 2380.1211 2482.5083 8525.8027 2698.0911 6121.6797 3835.0239 1888.3431 2767.0317 4190.4751 3701.1091 3339.9138 1037.5355 1972.0000 1902.5415 3764.1956 2749.9585 1611.5236 2730.3157 1740.0000 1985.6002 4277.8687 6217.6431 6281.1616 4051.7058 6555.7964 6695.9233 6644.4814 6823.3247 6049.8198 1975.4088 2466.1938 6338.7393 5530.4150 5347.3359 4894.0454 5870.3335 6210.0640 12249.9512 7540.0000 2200.9453 10587.1846 10213.9297 3448.9280 6538.3262 366.8242 164.0488 10584.0068 259.3839 5606.5332 5073.5913 7382.1948 6938.7007 4035.0664 478.2802 1547.6331 1995.7395 3510.7971 4441.4521 7796.2012 1050.4247 2320.0000 3692.0088 5173.3921 2973.3132 4946.0093 5301.8472 7322.7153
259.3839 624.6791 1815.6873 1508.0000 1743.8624 1182.9725 676.3904 2055.5251 1624.0000 1476.4390 1512.4550 956.5605 1037.5355 705.6005 991.1044 -1.0000 1577.7706 2228.2874 1766.8594 1254.7318 1672.9758 1556.3033 1577.7706 1434.8407 3123.3955 2091.2197 1628.1376 3541.3264 3597.8704 1249.3583 1512.4550 3925.1904 3321.7344 1640.4878 928.0000 778.1517 624.6791 2091.2197 1888.3431 1467.2969 836.4879 2065.3213 1396.8250 1982.2089 2334.4551 4119.2251 3274.8179 3480.0000 3582.8794 1165.7855 1037.5355 2207.0505 3381.9521 1968.5853 3365.9995 2025.8529 1577.7706 2872.0251 3489.6533 2934.5938 2957.4314 3123.3955 9350.0605 2952.8779 6016.3643 3548.9175 2869.6814 3740.8877 5127.6724 4676.1094 4331.0117 2025.8529 2957.4314 2864.9888 4605.0684 3550.8127 2460.7317 3371.9905 2284.9351 2422.1511 4889.9194 6755.9419 6756.9380 4676.1094 7540.0000 7681.4424 7633.1172 7813.4419 6329.1792 2606.7759 2964.2483 6648.5308 4561.0278 4429.3169 4026.7207 6850.8779 5674.5229 11752.6953 7772.8657 2380.1211 10904.6172 10632.8408 2457.9958 7264.6011 812.0000 1069.4672 9600.7080 1249.3583 6595.6992 6052.0435 6492.8921 6112.8809 4119.2251 1050.4247 1296.9194 2678.0679 4073.2356 3603.4761 8719.3115 1069.4672 1577.7706 3425.4390 4462.6089 2438.7603 5347.3359 5869.1875 6381.0547
1476.4390 2132.6340 1774.4587 366.8242 3009.3003 705.6005 1453.4758 778.1517 991.1044 1985.6002 1069.4672 1044.0000 2025.8529 1411.2009 676.3904 1577.7706 -1.0000 656.1951 418.2440 328.0975 116.0000 259.3839 518.7678 591.4863 3134.1475 2231.3044 1556.3033 3764.1956 3528.0022 1755.3986 1296.9194 3776.6863 3387.9150 2447.0227 2391.4014 2055.5251 1982.2089 2567.7695 2593.8389 2708.0474 1755.3986 2920.8054 2320.0000 3528.0022 3899.3948 5616.1255 4697.6421 5009.5347 5057.6533 2388.5862 2544.0786 3339.9138 4873.3809 3535.6221 4512.0869 3381.9521 3116.9268 3011.5352 2793.6499 2391.4014 2606.7759 2645.2070 7850.3809 3123.3955 6648.5308 4445.9941 1525.7418 2179.4421 3550.8127 3112.6067 2843.7749 591.4863 1434.8407 1296.9194 3088.7383 2075.0710 935.2219 2100.8494 1211.0756 1508.0000 3642.4739 5598.1270 5685.1836 3413.6338 6102.9673 6236.0117 6165.4844 6330.2422 6381.0547 2188.6836 2749.9585 6647.5186 5992.8345 5992.8345 5221.2886 5291.6855 6225.2134 12193.8018 7885.4409 2690.5999 10043.2158 9628.0000 3994.8486 6505.3149 1037.5355 733.6484 11165.5645 478.2802 5064.3003 4653.0317 8040.0635 7610.1660 4504.6250 1069.4672 2200.9453 2157.7246 2902.3191 5109.2700 7147.8970 1688.9855 2993.6091 3573.4778 5347.3359 3640.6262 5213.5518 4676.1094 7726.8540
2132.6340 2788.8291 2207.0505 883.4297 3640.6262 1296.9194 2091.2197 844.4927 1396.8250 2533.4783 1525.7418 1577.7706 2647.7493 1982.2089 1322.6035 2228.2874 656.1951 -1.0000 705.6005 984.2927 580.0000 778.1517 956.5605 1100.4727 3268.6487 2504.0959 1870.4438 3945.7056 3603.4761 2216.1770 1628.1376 3805.0830 3528.0022 2909.2651 3009.3003 2650.2891 2593.8389 2920.8054 3016.0000 3266.5896 2311.2837 3365.9995 2822.4019 4158.2402 4537.3647 6268.2949 5341.0410 5665.0298 5707.6245 3024.9099 3200.0024 3945.7056 5525.5464 4190.4751 5105.3179 4021.7051 3773.1218 3381.9521 2831.9209 2544.0786 2824.7847 2803.2666 7206.9521 3497.3567 7079.8022 4982.6016 1254.7318 1577.7706 2900.0000 2498.7166 2322.8982 591.4863 935.2219 705.6005 2447.0227 1467.2969 348.0000 1640.4878 1069.4672 1396.8250 3134.1475 5105.3179 5231.5869 2902.3191 5587.2998 5713.5151 5626.8970 5779.0825 6613.0176 2422.1511 3011.5352 6854.8052 6567.0757 6648.5308 5713.5151 4676.1094 6462.7720 12334.2422 8120.8286 3134.1475 9649.6387 9175.7393 4619.6553 6380.0000 1672.9758 1352.7809 11798.4033 1094.3418 4477.6602 4177.6108 8696.1328 8261.2852 4894.0454 1660.8672 2803.2666 2348.8210 2460.7317 5762.7603 6492.8921 2284.9351 3642.4739 3735.4883 5726.4536 4254.2119 5396.1821 4177.6108 8258.8418
1611.5236 2252.3125 1508.0000 259.3839 2993.6091 656.1951 1476.4390 366.8242 696.0000 1834.1211 820.2439 1411.2009 1995.7395 1740.0000 778.1517 1766.8594 418.2440 705.6005 -1.0000 580.0000 328.0975 232.0000 259.3839 418.2440 3550.8127 2647.7493 1972.0000 4182.4395 3940.5867 2138.9343 1712.7195 4184.0479 3805.0830 2822.4019 2645.2070 2345.9548 2252.3125 2973.3132 2982.3508 3024.9099 2088.0000 3299.3794 2678.0679 3748.0747 4099.5786 5665.0298 4710.5142 5088.1572 5096.0850 2391.4014 2645.2070 3268.6487 4924.1968 3668.2422 4417.1484 3387.9150 3225.1338 2708.0474 2380.1211 1995.7395 2231.3044 2252.3125 7858.0903 2822.4019 6389.4839 4277.8687 1160.0000 1995.7395 3445.0242 2927.7075 2567.7695 259.3839 1194.2931 1148.3414 3112.6067 2167.0588 1050.4247 2322.8982 1556.3033 1870.4438 3835.0239 5804.6382 5920.5474 3603.4761 5801.1597 5938.7017 5880.6396 6055.3779 6019.7183 1815.6873 2391.4014 6277.9473 6279.0190 6105.1714 5569.2080 5093.4438 6640.4302 12612.0332 7526.6035 2436.0000 10318.7852 9866.1396 4222.4639 6087.5137 1069.4672 742.7624 11362.0801 518.7678 4829.0005 4331.0117 8124.1416 7649.8462 4216.0854 997.8698 2129.4771 1770.6632 3140.5808 5168.1875 7054.0972 1611.5236 3036.0105 3991.4790 5739.3628 3582.8794 4834.5703 4877.5205 8045.0830
1148.3414 1804.5365 1615.6930 366.8242 2698.0911 478.2802 1142.4675 935.2219 905.9890 1740.0000 935.2219 844.4927 1724.4640 1160.0000 366.8242 1254.7318 328.0975 984.2927 580.0000 -1.0000 418.2440 348.0000 518.7678 492.1463 3116.9268 2157.7246 1485.5248 3713.8120 3535.6221 1577.7706 1233.0969 3805.0830 3364.0000 2252.3125 2091.2197 1774.4587 1688.9855 2438.7603 2422.1511 2447.0227 1508.0000 2730.3157 2100.8494 3216.7786 3582.8794 5290.4141 4377.3672 4681.8613 4733.3115 2075.0710 2216.1770 3044.8618 4547.7324 3208.4014 4222.4639 3064.6841 2788.8291 2864.9888 2831.9209 2380.1211 2554.6350 2624.7803 8172.8564 2973.3132 6447.1377 4190.4751 1740.0000 2490.6257 3876.8999 3425.4390 3123.3955 820.2439 1724.4640 1611.5236 3411.6624 2388.5862 1254.7318 2365.9451 1396.8250 1660.8672 3913.1736 5856.5640 5926.2266 3686.5376 6370.5020 6506.3491 6442.9619 6613.0176 6287.5854 2138.9343 2670.5205 6566.0508 5712.3374 5665.0298 4989.3486 5602.9321 6129.3682 12136.2832 7785.8384 2504.0959 10250.0947 9862.7295 3686.5376 6591.6177 733.6484 464.0000 10850.1865 259.3839 5363.6675 4906.4023 7712.0371 7284.9478 4334.1177 812.0000 1913.1210 2132.6340 3151.2739 4782.8027 7475.4775 1411.2009 2670.5205 3535.6221 5178.5913 3339.9138 5151.2358 4939.2031 7468.2744
1560.6204 2216.1770 1755.3986 348.0000 3064.6841 733.6484 1512.4550 676.3904 956.5605 2002.4705 1050.4247 1160.0000 2075.0710 1525.7418 742.7624 1672.9758 116.0000 580.0000 328.0975 418.2440 -1.0000 232.0000 478.2802 580.0000 3225.1338 2334.4551 1660.8672 3861.2495 3612.7996 1870.4438 1401.6333 3856.0186 3480.0000 2562.5237 2498.7166 2167.0588 2091.2197 2678.0679 2708.0474 2822.4019 1870.4438 3036.0105 2436.0000 3631.3745 3999.8979 5688.7329 4761.6553 5088.1572 5127.6724 2447.0227 2624.7803 3381.9521 4946.0093 3623.9558 4549.2119 3443.0708 3200.0024 2982.3508 2708.0474 2320.0000 2546.7219 2575.6179 7785.8384 3095.2661 6637.3896 4462.6089 1411.2009 2075.0710 3460.6125 3009.3003 2730.3157 478.2802 1322.6035 1194.2931 3024.9099 2025.8529 883.4297 2091.2197 1249.3583 1556.3033 3625.8120 5587.2998 5684.0000 3395.8491 5988.3418 6121.6797 6052.0435 6217.6431 6329.1792 2129.4771 2698.0911 6591.6177 6105.1714 6078.6655 5337.2607 5187.6777 6329.1792 12289.9795 7834.9390 2678.0679 10057.2734 9628.6992 4099.5786 6406.3096 1094.3418 778.1517 11266.9385 518.7678 4955.5220 4537.3647 8120.8286 7681.4424 4482.1655 1100.4727 2240.3320 2091.2197 2900.0000 5183.7856 7061.7231 1724.4640 3062.4878 3668.2422 5460.6313 3686.5376 5152.5420 4663.1421 7841.8062
1415.9604 2065.3213 1525.7418 116.0000 2864.9888 518.7678 1322.6035 591.4863 733.6484 1774.4587 820.2439 1182.9725 1870.4438 1508.0000 580.0000 1556.3033 259.3839 778.1517 232.0000 348.0000 232.0000 -1.0000 259.3839 348.0000 3371.9905 2447.0227 1770.6632 3991.4790 3773.1218 1913.1210 1512.4550 4026.7207 3623.9558 2593.8389 2422.1511 2116.8013 2025.8529 2757.2886 2757.2886 2793.6499 1856.0000 3071.2629 2447.0227 3533.7188 3890.7583 5510.9155 4571.3418 4921.4634 4946.0093 2252.3125 2466.1938 3168.3081 4768.7148 3480.0000 4331.0117 3250.0708 3044.8618 2757.2886 2554.6350 2138.9343 2348.8210 2391.4014 7980.4292 2869.6814 6406.3096 4233.6025 1392.0000 2188.6836 3612.7996 3123.3955 2788.8291 478.2802 1401.6333 1322.6035 3223.0471 2240.3320 1100.4727 2322.8982 1467.2969 1766.8594 3856.0186 5818.5303 5916.0000 3625.8120 6028.6528 6165.4844 6105.1714 6277.9473 6121.6797 1930.6248 2490.6257 6388.4307 6052.0435 5926.2266 5337.2607 5295.4985 6434.6025 12420.6699 7626.0625 2447.0227 10287.4404 9860.6826 4006.6206 6287.5854 905.9890 580.0000 11156.5225 328.0975 5041.6650 4561.0278 7956.7881 7500.6357 4254.2119 883.4297 2025.8529 1902.5415 3132.0000 5009.5347 7220.0098 1508.0000 2881.3801 3805.0830 5514.5771 3476.1311 4955.5220 4894.0454 7814.3027
1401.6333 2029.1713 1281.2618 164.0488 2737.6982 418.2440 1233.0969 478.2802 478.2802 1577.7706 580.0000 1357.7452 1740.0000 1640.4878 591.4863 1577.7706 518.7678 956.5605 259.3839 518.7678 478.2802 259.3839 -1.0000 164.0488 3612.7996 2670.5205 1995.7395 4222.4639 4020.0317 2091.2197 1740.0000 4277.8687 3862.9917 2757.2886 2479.7969 2207.0505 2100.8494 2957.4314 2934.5938 2900.0000 1985.6002 3235.5476 2593.8389 3558.3838 3899.3948 5416.0947 4456.5747 4845.6909 4845.6909 2138.9343 2413.8037 3009.3003 4676.1094 3443.0708 4158.2402 3134.1475 2993.6091 2504.0959 2320.0000 1888.3431 2091.2197 2138.9343 8116.6851 2617.0793 6165.4844 4026.7207 1296.9194 2228.2874 3692.0088 3155.5413 2757.2886 492.1463 1415.9604 1396.8250 3371.9905 2422.1511 1296.9194 2552.0000 1724.4640 2025.8529 4074.8870 6042.0303 6149.0942 3843.7856 5964.7017 6105.1714 6055.3779 6236.0117 5862.3052 1672.9758 2231.3044 6129.3682 6121.6797 5870.3335 5463.0952 5311.9893 6647.5186 12648.7881 7366.6851 2207.0505 10532.3916 10094.6660 4035.0664 6073.1289 836.4879 518.7678 11153.5068 348.0000 5032.3149 4482.1655 7881.1733 7398.5815 4004.9409 742.7624 1870.4438 1648.6698 3365.9995 4921.4634 7300.6313 1352.7809 2788.8291 4040.0654 5688.7329 3323.7593 4697.6421 5115.8501 7909.2949
1249.3583 1870.4438 1182.9725 232.0000 2575.6179 259.3839 1069.4672 624.6791 418.2440 1434.8407 478.2802 1296.9194 1577.7706 1547.6331 464.0000 1434.8407 591.4863 1100.4727 418.2440 492.1463 580.0000 348.0000 164.0488 -1.0000 3609.0730 2645.2070 1975.4088 4203.2998 4026.7207 2025.8529 1724.4640 4293.5674 3856.0186 2678.0679 2345.9548 2088.0000 1975.4088 2906.9517 2864.9888 2786.4155 1888.3431 3155.5413 2504.0959 3411.6624 3748.0747 5252.1235 4293.5674 4681.8613 4681.8613 1975.4088 2252.3125 2853.2227 4512.0869 3283.0254 4006.6206 2971.0496 2831.9209 2422.1511 2348.8210 1888.3431 2065.3213 2132.6340 8275.9316 2533.4783 6059.8203 3890.7583 1434.8407 2391.4014 3856.0186 3317.6812 2909.2651 656.1951 1577.7706 1560.6204 3528.0022 2567.7695 1434.8407 2670.5205 1800.8043 2091.2197 4201.6987 6165.4844 6264.0000 3971.2004 6105.1714 6246.7910 6200.3057 6383.1631 5813.9033 1648.6698 2188.6836 6087.5137 5988.3418 5707.6245 5356.1357 5471.7090 6604.8735 12622.1650 7315.3613 2100.8494 10632.8408 10208.6592 3889.0286 6121.6797 676.3904 366.8242 10997.9990 259.3839 5187.6777 4618.1987 7717.2700 7234.9043 3913.1736 580.0000 1712.7195 1640.4878 3480.0000 4757.4146 7464.6699 1194.2931 2624.7803 4026.7207 5612.5303 3166.1838 4666.0269 5240.5815 7785.8384
3321.7344 3601.6086 4640.0000 3448.9280 4756.0000 3535.6221 3684.7122 3897.6689 4020.0317 4518.0474 4026.7207 2413.8037 4158.2402 2438.7603 3297.3396 3123.3955 3134.1475 3268.6487 3550.8127 3116.9268 3225.1338 3371.9905 3612.7996 3609.0730 -1.0000 1037.5355 1648.6698 705.6005 478.2802 1874.0374 1888.3431 820.2439 259.3839 1740.0000 2909.2651 2593.8389 2730.3157 1160.0000 1512.4550 2447.0227 2311.2837 1688.9855 1975.4088 3662.7356 4051.7058 6464.8540 5917.1372 5759.2568 6059.8203 4255.7935 3890.7583 5261.0830 5828.9277 4298.2656 6350.4043 4921.4634 4182.4395 5855.4150 5926.2266 5496.2461 5665.0298 5741.7070 8204.0791 5952.2808 9137.5312 6644.4814 4518.0474 4529.9448 5225.1528 5252.1235 5402.4126 3668.2422 4158.2402 3856.0186 4216.0854 3365.9995 3123.3955 2670.5205 2240.3320 1944.5143 3425.4390 4693.3433 4504.6250 3321.7344 8532.1133 8634.0166 8496.5547 8596.5312 9332.0537 5252.1235 5762.7603 9628.6992 4840.1338 6346.1650 3480.0000 7200.4146 3235.5476 9074.7295 10810.4287 5411.1235 8105.0718 8034.2041 3889.0286 9619.6104 3506.9622 3460.6125 10417.4199 3364.0000 7195.7407 7259.9692 8379.3438 8301.9053 7212.5513 3735.4883 4417.1484 5249.5605 2715.4905 5971.4653 8255.5820 4101.2192 4462.6089 478.2802 2900.0000 5437.1714 8243.3486 4026.7207 6028.6528
2284.9351 2593.8389 3623.9558 2509.4636 3757.0393 2544.0786 2647.7493 3009.3003 3044.8618 3481.9329 3036.0105 1396.8250 3123.3955 1401.6333 2296.6829 2091.2197 2231.3044 2504.0959 2647.7493 2157.7246 2334.4551 2447.0227 2670.5205 2645.2070 1037.5355 -1.0000 676.3904 1560.6204 1508.0000 844.4927 935.2219 1834.1211 1254.7318 935.2219 1985.6002 1624.0000 1743.8624 518.7678 820.2439 1660.8672 1296.9194 1160.0000 1100.4727 2909.2651 3321.7344 5656.7100 5021.6079 4955.5220 5209.6787 3235.5476 2909.2651 4254.2119 4982.6016 3435.2456 5367.4292 3950.8176 3256.2751 4827.6074 4989.3486 4529.9448 4676.1094 4768.7148 8392.1807 4922.8301 8107.5620 5626.8970 3706.5586 3945.7056 4895.4199 4768.7148 4778.5806 2803.2666 3435.2456 3166.1838 4006.6206 3011.5352 2447.0227 2438.7603 1628.1376 1434.8407 3609.0730 5194.1582 5088.1572 3448.9280 8004.8403 8120.0000 8007.3618 8133.2466 8306.7666 4268.4219 4760.2422 8607.4814 4600.6836 5655.5205 3448.9280 6847.9312 3994.8486 9978.6973 9780.5264 4377.3672 8968.8330 8807.6016 3223.0471 8733.9600 2482.5083 2460.7317 10129.2646 2391.4014 6763.9043 6648.5308 7731.2065 7562.2749 6175.2979 2717.9668 3381.9521 4277.8687 2793.6499 5148.6230 8196.6953 3064.6841 3487.7249 1396.8250 3250.0708 4445.9941 7234.9043 4409.5259 6055.3779
1774.4587 2207.0505 2993.6091 1834.1211 3364.0000 1888.3431 2091.2197 2334.4551 2380.1211 2909.2651 2380.1211 778.1517 2617.0793 928.0000 1648.6698 1628.1376 1556.3033 1870.4438 1972.0000 1485.5248 1660.8672 1770.6632 1995.7395 1975.4088 1648.6698 676.3904 -1.0000 2228.2874 2091.2197 580.0000 259.3839 2388.5862 1888.3431 1142.4675 1815.6873 1401.6333 1467.2969 1050.4247 1182.9725 1724.4640 991.1044 1547.6331 1160.0000 2900.0000 3317.6812 5514.5771 4782.8027 4829.0005 5025.6255 2793.6499 2575.6179 3835.0239 4806.6572 3274.8179 4988.0000 3612.7996 3011.5352 4217.6807 4315.4492 3862.9917 4020.0317 4104.4990 8202.4385 4317.0083 7600.4346 5168.1875 3044.8618 3371.9905 4439.9370 4233.6025 4177.6108 2132.6340 2805.6658 2554.6350 3640.6262 2593.8389 1859.6215 2138.9343 1142.4675 1069.4672 3506.9622 5255.9648 5210.9697 3317.6812 7427.6240 7548.0264 7446.6216 7583.5972 7689.3213 3609.0730 4114.3223 7982.9580 4928.2939 5631.6777 3913.1736 6358.8740 4668.9102 10653.0703 9172.8057 3787.3601 9282.8994 9039.8164 3285.0742 8057.6177 1870.4438 1811.9779 10370.8154 1724.4640 6236.0117 6042.0303 7722.4990 7470.9766 5606.5332 2091.2197 2869.6814 3612.7996 2670.5205 4997.4331 7858.0903 2498.7166 3151.2739 2052.2495 3856.0186 4060.0000 6594.6792 4409.5259 6501.1763
3764.1956 3945.7056 5173.3921 4060.0000 5064.3003 4104.4990 4153.3833 4537.3647 4605.0684 4989.3486 4596.2939 2952.8779 4575.7554 2900.0000 3856.0186 3541.3264 3764.1956 3945.7056 4182.4395 3713.8120 3861.2495 3991.4790 4222.4639 4203.2998 705.6005 1560.6204 2228.2874 -1.0000 676.3904 2320.0000 2482.5083 905.9890 464.0000 1982.2089 3155.5413 2909.2651 3062.4878 1453.4758 1724.4640 2593.8389 2705.5618 1755.3986 2240.3320 3712.0000 4066.6233 6505.3149 6059.8203 5804.6382 6149.0942 4618.1987 4182.4395 5580.0703 5917.1372 4432.3540 6613.0176 5178.5913 4391.1782 6358.8740 6542.4409 6089.7236 6236.0117 6329.1792 8733.9600 6450.2676 9504.9238 6979.3066 5187.6777 5234.1587 5917.1372 5956.8003 6105.1714 4317.0083 4847.0791 4549.2119 4894.0454 4066.6233 3815.6772 3364.0000 2934.5938 2645.2070 4006.6206 5088.1572 4845.6909 3925.1904 9237.1260 9338.5400 9199.9043 9298.1074 9838.1406 5828.9277 6316.4102 10145.1934 4477.6602 6279.0190 3036.0105 7891.4111 2533.4783 8429.7764 11300.3291 5893.2109 8130.7642 8164.6201 3856.0186 10267.1465 4026.7207 4020.0317 10028.4668 3950.8176 7895.6729 7964.3945 8255.5820 8258.8418 7660.3926 4268.4219 4834.5703 5838.1543 3347.9617 6033.1152 8878.3584 4571.3418 4733.3115 232.0000 2284.9351 5722.9277 8786.1865 4504.6250 5502.3633
3792.6855 4079.8372 5084.1890 3856.0186 5234.1587 3967.8105 4150.1421 4277.8687 4441.4521 4981.2515 4456.5747 2864.9888 4631.2920 2909.2651 3735.4883 3597.8704 3528.0022 3603.4761 3940.5867 3535.6221 3612.7996 3773.1218 4020.0317 4026.7207 478.2802 1508.0000 2091.2197 676.3904 -1.0000 2348.8210 2320.0000 348.0000 366.8242 2207.0505 3381.9521 3071.2629 3208.4014 1628.1376 1972.0000 2902.3191 2788.8291 2116.8013 2447.0227 4101.2192 4482.1655 6906.6289 6380.0000 6201.3906 6512.5503 4733.3115 4368.1357 5739.3628 6281.1616 4757.4146 6827.2676 5397.4292 4653.0317 6307.8833 6320.6694 5908.0337 6089.7236 6156.7485 8057.6177 6406.3096 9613.3145 7122.4380 4858.1709 4768.7148 5341.0410 5437.1714 5649.5693 4040.0654 4462.6089 4150.1421 4293.5674 3528.0022 3425.4390 2805.6658 2546.7219 2231.3044 3339.9138 4429.3169 4203.2998 3266.5896 8715.4531 8810.6562 8662.0234 8749.3535 9780.5264 5674.5229 6195.9639 10073.3164 5109.2700 6755.9419 3692.0088 7308.9204 3036.0105 8733.9600 11263.3555 5870.3335 7667.4155 7631.3545 4304.5225 9978.6973 3959.3232 3897.6689 10674.5215 3787.3601 7341.0679 7488.9658 8770.8584 8721.6260 7677.9385 4182.4395 4889.9194 5665.0298 2708.0474 6417.8516 8222.1006 4565.4512 4939.2031 492.1463 2957.4314 5914.8628 8678.3193 3829.7571 6177.4766
1453.4758 1755.3986 2872.0251 1944.5143 2920.8054 1870.4438 1834.1211 2504.0959 2388.5862 2670.5205 2348.8210 733.6484 2284.9351 580.0000 1611.5236 1249.3583 1755.3986 2216.1770 2138.9343 1577.7706 1870.4438 1913.1210 2091.2197 2025.8529 1874.0374 844.4927 580.0000 2320.0000 2348.8210 -1.0000 676.3904 2678.0679 2075.0710 696.0000 1249.3583 844.4927 935.2219 905.9890 844.4927 1160.0000 464.0000 1165.7855 624.6791 2320.0000 2737.6982 4955.5220 4254.2119 4265.2681 4477.6602 2391.4014 2088.0000 3413.6338 4255.7935 2715.4905 4537.3647 3132.0000 2479.7969 4040.0654 4360.4277 3861.2495 3967.8105 4086.4282 8776.9922 4130.6426 7264.6011 4782.8027 3280.9756 3776.6863 4935.1152 4670.3506 4537.3647 2345.9548 3134.1475 2920.8054 4182.4395 3123.3955 2279.0383 2708.0474 1672.9758 1640.4878 4086.4282 5818.5303 5759.2568 3897.6689 7803.1021 7929.6841 7841.8062 7990.5396 7518.5542 3573.4778 4026.7207 7827.2070 4417.1484 5053.6606 3497.3567 6823.3247 4600.6836 10652.4385 8980.8271 3573.4778 9761.2471 9555.7529 2708.0474 8144.8193 1724.4640 1770.6632 9816.9180 1766.8594 6668.7388 6381.0547 7144.1309 6902.7310 5352.3662 1975.4088 2544.0786 3603.4761 3250.0708 4439.9370 8398.5918 2252.3125 2668.0000 2188.6836 3601.6086 3612.7996 6480.4458 4981.2515 6052.0435
1628.1376 2116.8013 2767.0317 1577.7706 3256.2751 1648.6698 1913.1210 2075.0710 2132.6340 2715.4905 2138.9343 591.4863 2460.7317 844.4927 1415.9604 1512.4550 1296.9194 1628.1376 1712.7195 1233.0969 1401.6333 1512.4550 1740.0000 1724.4640 1888.3431 935.2219 259.3839 2482.5083 2320.0000 676.3904 -1.0000 2606.7759 2132.6340 1322.6035 1834.1211 1415.9604 1453.4758 1296.9194 1396.8250 1834.1211 997.8698 1755.3986 1296.9194 2957.4314 3371.9905 5501.1401 4733.3115 4824.8193 4997.4331 2668.0000 2504.0959 3712.0000 4782.8027 3268.6487 4877.5205 3528.0022 2973.3132 3999.8979 4060.0000 3612.7996 3776.6863 3856.0186 8124.1416 4101.2192 7427.6240 5021.6079 2788.8291 3151.2739 4265.2681 4026.7207 3944.0000 1874.0374 2562.5237 2320.0000 3506.9622 2447.0227 1640.4878 2052.2495 997.8698 997.8698 3481.9329 5282.7778 5261.0830 3283.0254 7200.4146 7322.7153 7225.5991 7366.6851 7464.6699 3364.0000 3876.8999 7754.6675 5088.1572 5663.8418 4119.2251 6166.5757 4928.2939 10909.5518 8952.3145 3581.0010 9396.0000 9122.0557 3364.0000 7798.7896 1660.8672 1577.7706 10491.4287 1476.4390 6028.6528 5804.6382 7754.6675 7471.8770 5407.3921 1870.4438 2708.0474 3364.0000 2647.7493 4982.6016 7722.4990 2311.2837 3071.2629 2302.5342 4101.2192 3950.8176 6358.8740 4417.1484 6695.9233
